L	lambda	gamma	k	log10_kappa_1	log10_kappa_2	beta	log10_omega_bar	log10_chi
um	1	1	S/m	1	1	1	1	1
1.785e+02	1.113e+01	8.321e+00	1.039e+01	-3.487e+00	1.313e+00	8.770e-01	-1.824e+00	-1.065e+00
1.796e+02	1.113e+01	8.321e+00	1.039e+01	-3.487e+00	1.313e+00	8.770e-01	-1.824e+00	-1.065e+00
1.785e+02	9.844e+00	8.321e+00	1.039e+01	-3.487e+00	1.313e+00	8.770e-01	-1.824e+00	-1.065e+00
1.785e+02	1.113e+01	9.754e+00	1.039e+01	-3.487e+00	1.313e+00	8.770e-01	-1.824e+00	-1.065e+00
1.785e+02	1.113e+01	8.321e+00	9.561e+00	-3.487e+00	1.313e+00	8.770e-01	-1.824e+00	-1.065e+00
1.785e+02	1.113e+01	8.321e+00	1.039e+01	-1.815e+00	1.313e+00	8.770e-01	-1.824e+00	-1.065e+00
1.785e+02	1.113e+01	8.321e+00	1.039e+01	-3.487e+00	1.270e+00	8.770e-01	-1.824e+00	-1.065e+00
1.785e+02	1.113e+01	8.321e+00	1.039e+01	-3.487e+00	1.313e+00	9.268e-01	-1.824e+00	-1.065e+00
1.785e+02	1.113e+01	8.321e+00	1.039e+01	-3.487e+00	1.313e+00	8.770e-01	-1.083e+00	-1.065e+00
1.785e+02	1.113e+01	8.321e+00	1.039e+01	-3.487e+00	1.313e+00	8.770e-01	-1.824e+00	-7.686e-01
1.785e+02	9.844e+00	9.754e+00	9.561e+00	-1.815e+00	1.270e+00	9.268e-01	-1.083e+00	-7.686e-01
1.796e+02	1.113e+01	9.754e+00	9.561e+00	-1.815e+00	1.270e+00	9.268e-01	-1.083e+00	-7.686e-01
1.796e+02	9.844e+00	8.321e+00	9.561e+00	-1.815e+00	1.270e+00	9.268e-01	-1.083e+00	-7.686e-01
1.796e+02	9.844e+00	9.754e+00	1.039e+01	-1.815e+00	1.270e+00	9.268e-01	-1.083e+00	-7.686e-01
1.796e+02	9.844e+00	9.754e+00	9.561e+00	-3.487e+00	1.270e+00	9.268e-01	-1.083e+00	-7.686e-01
1.796e+02	9.844e+00	9.754e+00	9.561e+00	-1.815e+00	1.313e+00	9.268e-01	-1.083e+00	-7.686e-01
1.796e+02	9.844e+00	9.754e+00	9.561e+00	-1.815e+00	1.270e+00	8.770e-01	-1.083e+00	-7.686e-01
1.796e+02	9.844e+00	9.754e+00	9.561e+00	-1.815e+00	1.270e+00	9.268e-01	-1.824e+00	-7.686e-01
1.796e+02	9.844e+00	9.754e+00	9.561e+00	-1.815e+00	1.270e+00	9.268e-01	-1.083e+00	-1.065e+00
1.796e+02	9.844e+00	9.754e+00	9.561e+00	-1.815e+00	1.270e+00	9.268e-01	-1.083e+00	-7.686e-01
2.390e+01	2.813e+01	1.208e+01	2.222e+01	-1.527e+00	2.979e+00	7.729e-01	-2.539e+00	-8.685e-01
4.571e+01	2.813e+01	1.208e+01	2.222e+01	-1.527e+00	2.979e+00	7.729e-01	-2.539e+00	-8.685e-01
2.390e+01	2.442e+01	1.208e+01	2.222e+01	-1.527e+00	2.979e+00	7.729e-01	-2.539e+00	-8.685e-01
2.390e+01	2.813e+01	1.455e+01	2.222e+01	-1.527e+00	2.979e+00	7.729e-01	-2.539e+00	-8.685e-01
2.390e+01	2.813e+01	1.208e+01	2.418e+01	-1.527e+00	2.979e+00	7.729e-01	-2.539e+00	-8.685e-01
2.390e+01	2.813e+01	1.208e+01	2.222e+01	-3.016e+00	2.979e+00	7.729e-01	-2.539e+00	-8.685e-01
2.390e+01	2.813e+01	1.208e+01	2.222e+01	-1.527e+00	2.168e+00	7.729e-01	-2.539e+00	-8.685e-01
2.390e+01	2.813e+01	1.208e+01	2.222e+01	-1.527e+00	2.979e+00	7.517e-01	-2.539e+00	-8.685e-01
2.390e+01	2.813e+01	1.208e+01	2.222e+01	-1.527e+00	2.979e+00	7.729e-01	-2.648e+00	-8.685e-01
2.390e+01	2.813e+01	1.208e+01	2.222e+01	-1.527e+00	2.979e+00	7.729e-01	-2.539e+00	-1.218e+00
2.390e+01	2.442e+01	1.455e+01	2.418e+01	-3.016e+00	2.168e+00	7.517e-01	-2.648e+00	-1.218e+00
4.571e+01	2.813e+01	1.455e+01	2.418e+01	-3.016e+00	2.168e+00	7.517e-01	-2.648e+00	-1.218e+00
4.571e+01	2.442e+01	1.208e+01	2.418e+01	-3.016e+00	2.168e+00	7.517e-01	-2.648e+00	-1.218e+00
4.571e+01	2.442e+01	1.455e+01	2.222e+01	-3.016e+00	2.168e+00	7.517e-01	-2.648e+00	-1.218e+00
4.571e+01	2.442e+01	1.455e+01	2.418e+01	-1.527e+00	2.168e+00	7.517e-01	-2.648e+00	-1.218e+00
4.571e+01	2.442e+01	1.455e+01	2.418e+01	-3.016e+00	2.979e+00	7.517e-01	-2.648e+00	-1.218e+00
4.571e+01	2.442e+01	1.455e+01	2.418e+01	-3.016e+00	2.168e+00	7.729e-01	-2.648e+00	-1.218e+00
4.571e+01	2.442e+01	1.455e+01	2.418e+01	-3.016e+00	2.168e+00	7.517e-01	-2.539e+00	-1.218e+00
4.571e+01	2.442e+01	1.455e+01	2.418e+01	-3.016e+00	2.168e+00	7.517e-01	-2.648e+00	-8.685e-01
4.571e+01	2.442e+01	1.455e+01	2.418e+01	-3.016e+00	2.168e+00	7.517e-01	-2.648e+00	-1.218e+00
7.001e+01	1.676e+01	1.067e+01	6.090e+00	-1.830e+00	2.304e+00	9.980e-01	-2.301e+00	-9.546e-02
9.481e+01	1.676e+01	1.067e+01	6.090e+00	-1.830e+00	2.304e+00	9.980e-01	-2.301e+00	-9.546e-02
7.001e+01	3.227e+01	1.067e+01	6.090e+00	-1.830e+00	2.304e+00	9.980e-01	-2.301e+00	-9.546e-02
7.001e+01	1.676e+01	1.305e+01	6.090e+00	-1.830e+00	2.304e+00	9.980e-01	-2.301e+00	-9.546e-02
7.001e+01	1.676e+01	1.067e+01	1.472e+01	-1.830e+00	2.304e+00	9.980e-01	-2.301e+00	-9.546e-02
7.001e+01	1.676e+01	1.067e+01	6.090e+00	-1.578e+00	2.304e+00	9.980e-01	-2.301e+00	-9.546e-02
7.001e+01	1.676e+01	1.067e+01	6.090e+00	-1.830e+00	2.740e+00	9.980e-01	-2.301e+00	-9.546e-02
7.001e+01	1.676e+01	1.067e+01	6.090e+00	-1.830e+00	2.304e+00	9.435e-01	-2.301e+00	-9.546e-02
7.001e+01	1.676e+01	1.067e+01	6.090e+00	-1.830e+00	2.304e+00	9.980e-01	-2.361e+00	-9.546e-02
7.001e+01	1.676e+01	1.067e+01	6.090e+00	-1.830e+00	2.304e+00	9.980e-01	-2.301e+00	-8.196e-02
7.001e+01	3.227e+01	1.305e+01	1.472e+01	-1.578e+00	2.740e+00	9.435e-01	-2.361e+00	-8.196e-02
9.481e+01	1.676e+01	1.305e+01	1.472e+01	-1.578e+00	2.740e+00	9.435e-01	-2.361e+00	-8.196e-02
9.481e+01	3.227e+01	1.067e+01	1.472e+01	-1.578e+00	2.740e+00	9.435e-01	-2.361e+00	-8.196e-02
9.481e+01	3.227e+01	1.305e+01	6.090e+00	-1.578e+00	2.740e+00	9.435e-01	-2.361e+00	-8.196e-02
9.481e+01	3.227e+01	1.305e+01	1.472e+01	-1.830e+00	2.740e+00	9.435e-01	-2.361e+00	-8.196e-02
9.481e+01	3.227e+01	1.305e+01	1.472e+01	-1.578e+00	2.304e+00	9.435e-01	-2.361e+00	-8.196e-02
9.481e+01	3.227e+01	1.305e+01	1.472e+01	-1.578e+00	2.740e+00	9.980e-01	-2.361e+00	-8.196e-02
9.481e+01	3.227e+01	1.305e+01	1.472e+01	-1.578e+00	2.740e+00	9.435e-01	-2.301e+00	-8.196e-02
9.481e+01	3.227e+01	1.305e+01	1.472e+01	-1.578e+00	2.740e+00	9.435e-01	-2.361e+00	-9.546e-02
9.481e+01	3.227e+01	1.305e+01	1.472e+01	-1.578e+00	2.740e+00	9.435e-01	-2.361e+00	-8.196e-02
1.353e+02	3.398e+01	1.692e+01	1.667e+01	-3.249e+00	1.904e+00	8.521e-01	-1.086e+00	-1.838e+00
1.409e+02	3.398e+01	1.692e+01	1.667e+01	-3.249e+00	1.904e+00	8.521e-01	-1.086e+00	-1.838e+00
1.353e+02	1.950e+01	1.692e+01	1.667e+01	-3.249e+00	1.904e+00	8.521e-01	-1.086e+00	-1.838e+00
1.353e+02	3.398e+01	8.138e+00	1.667e+01	-3.249e+00	1.904e+00	8.521e-01	-1.086e+00	-1.838e+00
1.353e+02	3.398e+01	1.692e+01	1.903e+01	-3.249e+00	1.904e+00	8.521e-01	-1.086e+00	-1.838e+00
1.353e+02	3.398e+01	1.692e+01	1.667e+01	-3.540e+00	1.904e+00	8.521e-01	-1.086e+00	-1.838e+00
1.353e+02	3.398e+01	1.692e+01	1.667e+01	-3.249e+00	1.822e+00	8.521e-01	-1.086e+00	-1.838e+00
1.353e+02	3.398e+01	1.692e+01	1.667e+01	-3.249e+00	1.904e+00	8.623e-01	-1.086e+00	-1.838e+00
1.353e+02	3.398e+01	1.692e+01	1.667e+01	-3.249e+00	1.904e+00	8.521e-01	-1.925e+00	-1.838e+00
1.353e+02	3.398e+01	1.692e+01	1.667e+01	-3.249e+00	1.904e+00	8.521e-01	-1.086e+00	-1.906e+00
1.353e+02	1.950e+01	8.138e+00	1.903e+01	-3.540e+00	1.822e+00	8.623e-01	-1.925e+00	-1.906e+00
1.409e+02	3.398e+01	8.138e+00	1.903e+01	-3.540e+00	1.822e+00	8.623e-01	-1.925e+00	-1.906e+00
1.409e+02	1.950e+01	1.692e+01	1.903e+01	-3.540e+00	1.822e+00	8.623e-01	-1.925e+00	-1.906e+00
1.409e+02	1.950e+01	8.138e+00	1.667e+01	-3.540e+00	1.822e+00	8.623e-01	-1.925e+00	-1.906e+00
1.409e+02	1.950e+01	8.138e+00	1.903e+01	-3.249e+00	1.822e+00	8.623e-01	-1.925e+00	-1.906e+00
1.409e+02	1.950e+01	8.138e+00	1.903e+01	-3.540e+00	1.904e+00	8.623e-01	-1.925e+00	-1.906e+00
1.409e+02	1.950e+01	8.138e+00	1.903e+01	-3.540e+00	1.822e+00	8.521e-01	-1.925e+00	-1.906e+00
1.409e+02	1.950e+01	8.138e+00	1.903e+01	-3.540e+00	1.822e+00	8.623e-01	-1.086e+00	-1.906e+00
1.409e+02	1.950e+01	8.138e+00	1.903e+01	-3.540e+00	1.822e+00	8.623e-01	-1.925e+00	-1.838e+00
1.409e+02	1.950e+01	8.138e+00	1.903e+01	-3.540e+00	1.822e+00	8.623e-01	-1.925e+00	-1.906e+00
1.227e+02	2.019e+01	1.371e+01	1.972e+01	-2.577e+00	1.148e+00	9.558e-01	-2.235e+00	-4.929e-01
3.363e+01	2.019e+01	1.371e+01	1.972e+01	-2.577e+00	1.148e+00	9.558e-01	-2.235e+00	-4.929e-01
1.227e+02	3.834e+01	1.371e+01	1.972e+01	-2.577e+00	1.148e+00	9.558e-01	-2.235e+00	-4.929e-01
1.227e+02	2.019e+01	9.301e+00	1.972e+01	-2.577e+00	1.148e+00	9.558e-01	-2.235e+00	-4.929e-01
1.227e+02	2.019e+01	1.371e+01	1.056e+01	-2.577e+00	1.148e+00	9.558e-01	-2.235e+00	-4.929e-01
1.227e+02	2.019e+01	1.371e+01	1.972e+01	-2.587e+00	1.148e+00	9.558e-01	-2.235e+00	-4.929e-01
1.227e+02	2.019e+01	1.371e+01	1.972e+01	-2.577e+00	1.669e+00	9.558e-01	-2.235e+00	-4.929e-01
1.227e+02	2.019e+01	1.371e+01	1.972e+01	-2.577e+00	1.148e+00	8.161e-01	-2.235e+00	-4.929e-01
1.227e+02	2.019e+01	1.371e+01	1.972e+01	-2.577e+00	1.148e+00	9.558e-01	-1.503e+00	-4.929e-01
1.227e+02	2.019e+01	1.371e+01	1.972e+01	-2.577e+00	1.148e+00	9.558e-01	-2.235e+00	-1.598e+00
1.227e+02	3.834e+01	9.301e+00	1.056e+01	-2.587e+00	1.669e+00	8.161e-01	-1.503e+00	-1.598e+00
3.363e+01	2.019e+01	9.301e+00	1.056e+01	-2.587e+00	1.669e+00	8.161e-01	-1.503e+00	-1.598e+00
3.363e+01	3.834e+01	1.371e+01	1.056e+01	-2.587e+00	1.669e+00	8.161e-01	-1.503e+00	-1.598e+00
3.363e+01	3.834e+01	9.301e+00	1.972e+01	-2.587e+00	1.669e+00	8.161e-01	-1.503e+00	-1.598e+00
3.363e+01	3.834e+01	9.301e+00	1.056e+01	-2.577e+00	1.669e+00	8.161e-01	-1.503e+00	-1.598e+00
3.363e+01	3.834e+01	9.301e+00	1.056e+01	-2.587e+00	1.148e+00	8.161e-01	-1.503e+00	-1.598e+00
3.363e+01	3.834e+01	9.301e+00	1.056e+01	-2.587e+00	1.669e+00	9.558e-01	-1.503e+00	-1.598e+00
3.363e+01	3.834e+01	9.301e+00	1.056e+01	-2.587e+00	1.669e+00	8.161e-01	-2.235e+00	-1.598e+00
3.363e+01	3.834e+01	9.301e+00	1.056e+01	-2.587e+00	1.669e+00	8.161e-01	-1.503e+00	-4.929e-01
3.363e+01	3.834e+01	9.301e+00	1.056e+01	-2.587e+00	1.669e+00	8.161e-01	-1.503e+00	-1.598e+00
1.036e+02	3.712e+01	7.323e+00	7.875e+00	-2.497e+00	2.560e+00	8.201e-01	-1.403e+00	-1.691e+00
1.698e+02	3.712e+01	7.323e+00	7.875e+00	-2.497e+00	2.560e+00	8.201e-01	-1.403e+00	-1.691e+00
1.036e+02	1.795e+01	7.323e+00	7.875e+00	-2.497e+00	2.560e+00	8.201e-01	-1.403e+00	-1.691e+00
1.036e+02	3.712e+01	1.439e+01	7.875e+00	-2.497e+00	2.560e+00	8.201e-01	-1.403e+00	-1.691e+00
1.036e+02	3.712e+01	7.323e+00	1.568e+01	-2.497e+00	2.560e+00	8.201e-01	-1.403e+00	-1.691e+00
1.036e+02	3.712e+01	7.323e+00	7.875e+00	-2.300e+00	2.560e+00	8.201e-01	-1.403e+00	-1.691e+00
1.036e+02	3.712e+01	7.323e+00	7.875e+00	-2.497e+00	2.768e+00	8.201e-01	-1.403e+00	-1.691e+00
1.036e+02	3.712e+01	7.323e+00	7.875e+00	-2.497e+00	2.560e+00	9.916e-01	-1.403e+00	-1.691e+00
1.036e+02	3.712e+01	7.323e+00	7.875e+00	-2.497e+00	2.560e+00	8.201e-01	-2.188e+00	-1.691e+00
1.036e+02	3.712e+01	7.323e+00	7.875e+00	-2.497e+00	2.560e+00	8.201e-01	-1.403e+00	-4.144e-01
1.036e+02	1.795e+01	1.439e+01	1.568e+01	-2.300e+00	2.768e+00	9.916e-01	-2.188e+00	-4.144e-01
1.698e+02	3.712e+01	1.439e+01	1.568e+01	-2.300e+00	2.768e+00	9.916e-01	-2.188e+00	-4.144e-01
1.698e+02	1.795e+01	7.323e+00	1.568e+01	-2.300e+00	2.768e+00	9.916e-01	-2.188e+00	-4.144e-01
1.698e+02	1.795e+01	1.439e+01	7.875e+00	-2.300e+00	2.768e+00	9.916e-01	-2.188e+00	-4.144e-01
1.698e+02	1.795e+01	1.439e+01	1.568e+01	-2.497e+00	2.768e+00	9.916e-01	-2.188e+00	-4.144e-01
1.698e+02	1.795e+01	1.439e+01	1.568e+01	-2.300e+00	2.560e+00	9.916e-01	-2.188e+00	-4.144e-01
1.698e+02	1.795e+01	1.439e+01	1.568e+01	-2.300e+00	2.768e+00	8.201e-01	-2.188e+00	-4.144e-01
1.698e+02	1.795e+01	1.439e+01	1.568e+01	-2.300e+00	2.768e+00	9.916e-01	-1.403e+00	-4.144e-01
1.698e+02	1.795e+01	1.439e+01	1.568e+01	-2.300e+00	2.768e+00	9.916e-01	-2.188e+00	-1.691e+00
1.698e+02	1.795e+01	1.439e+01	1.568e+01	-2.300e+00	2.768e+00	9.916e-01	-2.188e+00	-4.144e-01
5.689e+01	7.990e+00	1.530e+01	2.416e+01	-1.239e+00	2.219e+00	9.191e-01	-1.640e+00	-1.465e+00
1.297e+02	7.990e+00	1.530e+01	2.416e+01	-1.239e+00	2.219e+00	9.191e-01	-1.640e+00	-1.465e+00
5.689e+01	8.248e+00	1.530e+01	2.416e+01	-1.239e+00	2.219e+00	9.191e-01	-1.640e+00	-1.465e+00
5.689e+01	7.990e+00	1.600e+01	2.416e+01	-1.239e+00	2.219e+00	9.191e-01	-1.640e+00	-1.465e+00
5.689e+01	7.990e+00	1.530e+01	5.090e+00	-1.239e+00	2.219e+00	9.191e-01	-1.640e+00	-1.465e+00
5.689e+01	7.990e+00	1.530e+01	2.416e+01	-3.856e+00	2.219e+00	9.191e-01	-1.640e+00	-1.465e+00
5.689e+01	7.990e+00	1.530e+01	2.416e+01	-1.239e+00	2.321e+00	9.191e-01	-1.640e+00	-1.465e+00
5.689e+01	7.990e+00	1.530e+01	2.416e+01	-1.239e+00	2.219e+00	7.974e-01	-1.640e+00	-1.465e+00
5.689e+01	7.990e+00	1.530e+01	2.416e+01	-1.239e+00	2.219e+00	9.191e-01	-2.788e+00	-1.465e+00
5.689e+01	7.990e+00	1.530e+01	2.416e+01	-1.239e+00	2.219e+00	9.191e-01	-1.640e+00	-1.286e+00
5.689e+01	8.248e+00	1.600e+01	5.090e+00	-3.856e+00	2.321e+00	7.974e-01	-2.788e+00	-1.286e+00
1.297e+02	7.990e+00	1.600e+01	5.090e+00	-3.856e+00	2.321e+00	7.974e-01	-2.788e+00	-1.286e+00
1.297e+02	8.248e+00	1.530e+01	5.090e+00	-3.856e+00	2.321e+00	7.974e-01	-2.788e+00	-1.286e+00
1.297e+02	8.248e+00	1.600e+01	2.416e+01	-3.856e+00	2.321e+00	7.974e-01	-2.788e+00	-1.286e+00
1.297e+02	8.248e+00	1.600e+01	5.090e+00	-1.239e+00	2.321e+00	7.974e-01	-2.788e+00	-1.286e+00
1.297e+02	8.248e+00	1.600e+01	5.090e+00	-3.856e+00	2.219e+00	7.974e-01	-2.788e+00	-1.286e+00
1.297e+02	8.248e+00	1.600e+01	5.090e+00	-3.856e+00	2.321e+00	9.191e-01	-2.788e+00	-1.286e+00
1.297e+02	8.248e+00	1.600e+01	5.090e+00	-3.856e+00	2.321e+00	7.974e-01	-1.640e+00	-1.286e+00
1.297e+02	8.248e+00	1.600e+01	5.090e+00	-3.856e+00	2.321e+00	7.974e-01	-2.788e+00	-1.465e+00
1.297e+02	8.248e+00	1.600e+01	5.090e+00	-3.856e+00	2.321e+00	7.974e-01	-2.788e+00	-1.286e+00
1.667e+02	2.470e+01	1.167e+01	1.358e+01	-3.781e+00	1.573e+00	8.050e-01	-2.971e+00	-7.189e-01
8.580e+01	2.470e+01	1.167e+01	1.358e+01	-3.781e+00	1.573e+00	8.050e-01	-2.971e+00	-7.189e-01
1.667e+02	3.052e+01	1.167e+01	1.358e+01	-3.781e+00	1.573e+00	8.050e-01	-2.971e+00	-7.189e-01
1.667e+02	2.470e+01	1.080e+01	1.358e+01	-3.781e+00	1.573e+00	8.050e-01	-2.971e+00	-7.189e-01
1.667e+02	2.470e+01	1.167e+01	2.116e+01	-3.781e+00	1.573e+00	8.050e-01	-2.971e+00	-7.189e-01
1.667e+02	2.470e+01	1.167e+01	1.358e+01	-1.307e+00	1.573e+00	8.050e-01	-2.971e+00	-7.189e-01
1.667e+02	2.470e+01	1.167e+01	1.358e+01	-3.781e+00	1.241e+00	8.050e-01	-2.971e+00	-7.189e-01
1.667e+02	2.470e+01	1.167e+01	1.358e+01	-3.781e+00	1.573e+00	8.793e-01	-2.971e+00	-7.189e-01
1.667e+02	2.470e+01	1.167e+01	1.358e+01	-3.781e+00	1.573e+00	8.050e-01	-1.474e+00	-7.189e-01
1.667e+02	2.470e+01	1.167e+01	1.358e+01	-3.781e+00	1.573e+00	8.050e-01	-2.971e+00	-7.272e-01
1.667e+02	3.052e+01	1.080e+01	2.116e+01	-1.307e+00	1.241e+00	8.793e-01	-1.474e+00	-7.272e-01
8.580e+01	2.470e+01	1.080e+01	2.116e+01	-1.307e+00	1.241e+00	8.793e-01	-1.474e+00	-7.272e-01
8.580e+01	3.052e+01	1.167e+01	2.116e+01	-1.307e+00	1.241e+00	8.793e-01	-1.474e+00	-7.272e-01
8.580e+01	3.052e+01	1.080e+01	1.358e+01	-1.307e+00	1.241e+00	8.793e-01	-1.474e+00	-7.272e-01
8.580e+01	3.052e+01	1.080e+01	2.116e+01	-3.781e+00	1.241e+00	8.793e-01	-1.474e+00	-7.272e-01
8.580e+01	3.052e+01	1.080e+01	2.116e+01	-1.307e+00	1.573e+00	8.793e-01	-1.474e+00	-7.272e-01
8.580e+01	3.052e+01	1.080e+01	2.116e+01	-1.307e+00	1.241e+00	8.050e-01	-1.474e+00	-7.272e-01
8.580e+01	3.052e+01	1.080e+01	2.116e+01	-1.307e+00	1.241e+00	8.793e-01	-2.971e+00	-7.272e-01
8.580e+01	3.052e+01	1.080e+01	2.116e+01	-1.307e+00	1.241e+00	8.793e-01	-1.474e+00	-7.189e-01
8.580e+01	3.052e+01	1.080e+01	2.116e+01	-1.307e+00	1.241e+00	8.793e-01	-1.474e+00	-7.272e-01
1.652e+02	1.459e+01	1.460e+01	9.320e+00	-1.717e+00	1.787e+00	9.506e-01	-2.092e+00	-3.615e-01
1.472e+02	1.459e+01	1.460e+01	9.320e+00	-1.717e+00	1.787e+00	9.506e-01	-2.092e+00	-3.615e-01
1.652e+02	2.836e+01	1.460e+01	9.320e+00	-1.717e+00	1.787e+00	9.506e-01	-2.092e+00	-3.615e-01
1.652e+02	1.459e+01	1.046e+01	9.320e+00	-1.717e+00	1.787e+00	9.506e-01	-2.092e+00	-3.615e-01
1.652e+02	1.459e+01	1.460e+01	1.704e+01	-1.717e+00	1.787e+00	9.506e-01	-2.092e+00	-3.615e-01
1.652e+02	1.459e+01	1.460e+01	9.320e+00	-3.639e+00	1.787e+00	9.506e-01	-2.092e+00	-3.615e-01
1.652e+02	1.459e+01	1.460e+01	9.320e+00	-1.717e+00	2.543e+00	9.506e-01	-2.092e+00	-3.615e-01
1.652e+02	1.459e+01	1.460e+01	9.320e+00	-1.717e+00	1.787e+00	8.384e-01	-2.092e+00	-3.615e-01
1.652e+02	1.459e+01	1.460e+01	9.320e+00	-1.717e+00	1.787e+00	9.506e-01	-2.443e+00	-3.615e-01
1.652e+02	1.459e+01	1.460e+01	9.320e+00	-1.717e+00	1.787e+00	9.506e-01	-2.092e+00	-1.848e+00
1.652e+02	2.836e+01	1.046e+01	1.704e+01	-3.639e+00	2.543e+00	8.384e-01	-2.443e+00	-1.848e+00
1.472e+02	1.459e+01	1.046e+01	1.704e+01	-3.639e+00	2.543e+00	8.384e-01	-2.443e+00	-1.848e+00
1.472e+02	2.836e+01	1.460e+01	1.704e+01	-3.639e+00	2.543e+00	8.384e-01	-2.443e+00	-1.848e+00
1.472e+02	2.836e+01	1.046e+01	9.320e+00	-3.639e+00	2.543e+00	8.384e-01	-2.443e+00	-1.848e+00
1.472e+02	2.836e+01	1.046e+01	1.704e+01	-1.717e+00	2.543e+00	8.384e-01	-2.443e+00	-1.848e+00
1.472e+02	2.836e+01	1.046e+01	1.704e+01	-3.639e+00	1.787e+00	8.384e-01	-2.443e+00	-1.848e+00
1.472e+02	2.836e+01	1.046e+01	1.704e+01	-3.639e+00	2.543e+00	9.506e-01	-2.443e+00	-1.848e+00
1.472e+02	2.836e+01	1.046e+01	1.704e+01	-3.639e+00	2.543e+00	8.384e-01	-2.092e+00	-1.848e+00
1.472e+02	2.836e+01	1.046e+01	1.704e+01	-3.639e+00	2.543e+00	8.384e-01	-2.443e+00	-3.615e-01
1.472e+02	2.836e+01	1.046e+01	1.704e+01	-3.639e+00	2.543e+00	8.384e-01	-2.443e+00	-1.848e+00
4.975e+01	3.178e+01	1.081e+01	1.874e+01	-3.298e+00	2.390e+00	8.360e-01	-1.299e+00	-1.572e+00
1.005e+02	3.178e+01	1.081e+01	1.874e+01	-3.298e+00	2.390e+00	8.360e-01	-1.299e+00	-1.572e+00
4.975e+01	6.056e+00	1.081e+01	1.874e+01	-3.298e+00	2.390e+00	8.360e-01	-1.299e+00	-1.572e+00
4.975e+01	3.178e+01	1.574e+01	1.874e+01	-3.298e+00	2.390e+00	8.360e-01	-1.299e+00	-1.572e+00
4.975e+01	3.178e+01	1.081e+01	1.171e+01	-3.298e+00	2.390e+00	8.360e-01	-1.299e+00	-1.572e+00
4.975e+01	3.178e+01	1.081e+01	1.874e+01	-1.102e+00	2.390e+00	8.360e-01	-1.299e+00	-1.572e+00
4.975e+01	3.178e+01	1.081e+01	1.874e+01	-3.298e+00	1.894e+00	8.360e-01	-1.299e+00	-1.572e+00
4.975e+01	3.178e+01	1.081e+01	1.874e+01	-3.298e+00	2.390e+00	9.827e-01	-1.299e+00	-1.572e+00
4.975e+01	3.178e+01	1.081e+01	1.874e+01	-3.298e+00	2.390e+00	8.360e-01	-1.754e+00	-1.572e+00
4.975e+01	3.178e+01	1.081e+01	1.874e+01	-3.298e+00	2.390e+00	8.360e-01	-1.299e+00	-1.645e-01
4.975e+01	6.056e+00	1.574e+01	1.171e+01	-1.102e+00	1.894e+00	9.827e-01	-1.754e+00	-1.645e-01
1.005e+02	3.178e+01	1.574e+01	1.171e+01	-1.102e+00	1.894e+00	9.827e-01	-1.754e+00	-1.645e-01
1.005e+02	6.056e+00	1.081e+01	1.171e+01	-1.102e+00	1.894e+00	9.827e-01	-1.754e+00	-1.645e-01
1.005e+02	6.056e+00	1.574e+01	1.874e+01	-1.102e+00	1.894e+00	9.827e-01	-1.754e+00	-1.645e-01
1.005e+02	6.056e+00	1.574e+01	1.171e+01	-3.298e+00	1.894e+00	9.827e-01	-1.754e+00	-1.645e-01
1.005e+02	6.056e+00	1.574e+01	1.171e+01	-1.102e+00	2.390e+00	9.827e-01	-1.754e+00	-1.645e-01
1.005e+02	6.056e+00	1.574e+01	1.171e+01	-1.102e+00	1.894e+00	8.360e-01	-1.754e+00	-1.645e-01
1.005e+02	6.056e+00	1.574e+01	1.171e+01	-1.102e+00	1.894e+00	9.827e-01	-1.299e+00	-1.645e-01
1.005e+02	6.056e+00	1.574e+01	1.171e+01	-1.102e+00	1.894e+00	9.827e-01	-1.754e+00	-1.572e+00
1.005e+02	6.056e+00	1.574e+01	1.171e+01	-1.102e+00	1.894e+00	9.827e-01	-1.754e+00	-1.645e-01
9.382e+01	1.333e+01	1.440e+01	1.487e+01	-3.060e+00	2.831e+00	9.244e-01	-1.533e+00	-1.330e+00
6.250e+01	1.333e+01	1.440e+01	1.487e+01	-3.060e+00	2.831e+00	9.244e-01	-1.533e+00	-1.330e+00
9.382e+01	1.577e+01	1.440e+01	1.487e+01	-3.060e+00	2.831e+00	9.244e-01	-1.533e+00	-1.330e+00
9.382e+01	1.333e+01	1.216e+01	1.487e+01	-3.060e+00	2.831e+00	9.244e-01	-1.533e+00	-1.330e+00
9.382e+01	1.333e+01	1.440e+01	2.219e+01	-3.060e+00	2.831e+00	9.244e-01	-1.533e+00	-1.330e+00
9.382e+01	1.333e+01	1.440e+01	1.487e+01	-2.756e+00	2.831e+00	9.244e-01	-1.533e+00	-1.330e+00
9.382e+01	1.333e+01	1.440e+01	1.487e+01	-3.060e+00	1.447e+00	9.244e-01	-1.533e+00	-1.330e+00
9.382e+01	1.333e+01	1.440e+01	1.487e+01	-3.060e+00	2.831e+00	7.908e-01	-1.533e+00	-1.330e+00
9.382e+01	1.333e+01	1.440e+01	1.487e+01	-3.060e+00	2.831e+00	9.244e-01	-1.221e+00	-1.330e+00
9.382e+01	1.333e+01	1.440e+01	1.487e+01	-3.060e+00	2.831e+00	9.244e-01	-1.533e+00	-1.036e+00
9.382e+01	1.577e+01	1.216e+01	2.219e+01	-2.756e+00	1.447e+00	7.908e-01	-1.221e+00	-1.036e+00
6.250e+01	1.333e+01	1.216e+01	2.219e+01	-2.756e+00	1.447e+00	7.908e-01	-1.221e+00	-1.036e+00
6.250e+01	1.577e+01	1.440e+01	2.219e+01	-2.756e+00	1.447e+00	7.908e-01	-1.221e+00	-1.036e+00
6.250e+01	1.577e+01	1.216e+01	1.487e+01	-2.756e+00	1.447e+00	7.908e-01	-1.221e+00	-1.036e+00
6.250e+01	1.577e+01	1.216e+01	2.219e+01	-3.060e+00	1.447e+00	7.908e-01	-1.221e+00	-1.036e+00
6.250e+01	1.577e+01	1.216e+01	2.219e+01	-2.756e+00	2.831e+00	7.908e-01	-1.221e+00	-1.036e+00
6.250e+01	1.577e+01	1.216e+01	2.219e+01	-2.756e+00	1.447e+00	9.244e-01	-1.221e+00	-1.036e+00
6.250e+01	1.577e+01	1.216e+01	2.219e+01	-2.756e+00	1.447e+00	7.908e-01	-1.533e+00	-1.036e+00
6.250e+01	1.577e+01	1.216e+01	2.219e+01	-2.756e+00	1.447e+00	7.908e-01	-1.221e+00	-1.330e+00
6.250e+01	1.577e+01	1.216e+01	2.219e+01	-2.756e+00	1.447e+00	7.908e-01	-1.221e+00	-1.036e+00
1.186e+02	3.031e+01	8.198e+00	2.303e+01	-2.019e+00	1.492e+00	7.890e-01	-2.826e+00	-6.042e-01
1.958e+02	3.031e+01	8.198e+00	2.303e+01	-2.019e+00	1.492e+00	7.890e-01	-2.826e+00	-6.042e-01
1.186e+02	3.613e+01	8.198e+00	2.303e+01	-2.019e+00	1.492e+00	7.890e-01	-2.826e+00	-6.042e-01
1.186e+02	3.031e+01	7.150e+00	2.303e+01	-2.019e+00	1.492e+00	7.890e-01	-2.826e+00	-6.042e-01
1.186e+02	3.031e+01	8.198e+00	6.555e+00	-2.019e+00	1.492e+00	7.890e-01	-2.826e+00	-6.042e-01
1.186e+02	3.031e+01	8.198e+00	2.303e+01	-2.458e+00	1.492e+00	7.890e-01	-2.826e+00	-6.042e-01
1.186e+02	3.031e+01	8.198e+00	2.303e+01	-2.019e+00	2.115e+00	7.890e-01	-2.826e+00	-6.042e-01
1.186e+02	3.031e+01	8.198e+00	2.303e+01	-2.019e+00	1.492e+00	9.037e-01	-2.826e+00	-6.042e-01
1.186e+02	3.031e+01	8.198e+00	2.303e+01	-2.019e+00	1.492e+00	7.890e-01	-2.531e+00	-6.042e-01
1.186e+02	3.031e+01	8.198e+00	2.303e+01	-2.019e+00	1.492e+00	7.890e-01	-2.826e+00	-9.771e-01
1.186e+02	3.613e+01	7.150e+00	6.555e+00	-2.458e+00	2.115e+00	9.037e-01	-2.531e+00	-9.771e-01
1.958e+02	3.031e+01	7.150e+00	6.555e+00	-2.458e+00	2.115e+00	9.037e-01	-2.531e+00	-9.771e-01
1.958e+02	3.613e+01	8.198e+00	6.555e+00	-2.458e+00	2.115e+00	9.037e-01	-2.531e+00	-9.771e-01
1.958e+02	3.613e+01	7.150e+00	2.303e+01	-2.458e+00	2.115e+00	9.037e-01	-2.531e+00	-9.771e-01
1.958e+02	3.613e+01	7.150e+00	6.555e+00	-2.019e+00	2.115e+00	9.037e-01	-2.531e+00	-9.771e-01
1.958e+02	3.613e+01	7.150e+00	6.555e+00	-2.458e+00	1.492e+00	9.037e-01	-2.531e+00	-9.771e-01
1.958e+02	3.613e+01	7.150e+00	6.555e+00	-2.458e+00	2.115e+00	7.890e-01	-2.531e+00	-9.771e-01
1.958e+02	3.613e+01	7.150e+00	6.555e+00	-2.458e+00	2.115e+00	9.037e-01	-2.826e+00	-9.771e-01
1.958e+02	3.613e+01	7.150e+00	6.555e+00	-2.458e+00	2.115e+00	9.037e-01	-2.531e+00	-6.042e-01
1.958e+02	3.613e+01	7.150e+00	6.555e+00	-2.458e+00	2.115e+00	9.037e-01	-2.531e+00	-9.771e-01
1.535e+02	5.816e+00	9.849e+00	2.125e+01	-2.308e+00	1.737e+00	9.039e-01	-1.976e+00	-1.195e+00
6.884e+01	5.816e+00	9.849e+00	2.125e+01	-2.308e+00	1.737e+00	9.039e-01	-1.976e+00	-1.195e+00
1.535e+02	2.174e+01	9.849e+00	2.125e+01	-2.308e+00	1.737e+00	9.039e-01	-1.976e+00	-1.195e+00
1.535e+02	5.816e+00	8.411e+00	2.125e+01	-2.308e+00	1.737e+00	9.039e-01	-1.976e+00	-1.195e+00
1.535e+02	5.816e+00	9.849e+00	2.307e+01	-2.308e+00	1.737e+00	9.039e-01	-1.976e+00	-1.195e+00
1.535e+02	5.816e+00	9.849e+00	2.125e+01	-1.420e+00	1.737e+00	9.039e-01	-1.976e+00	-1.195e+00
1.535e+02	5.816e+00	9.849e+00	2.125e+01	-2.308e+00	2.393e+00	9.039e-01	-1.976e+00	-1.195e+00
1.535e+02	5.816e+00	9.849e+00	2.125e+01	-2.308e+00	1.737e+00	9.181e-01	-1.976e+00	-1.195e+00
1.535e+02	5.816e+00	9.849e+00	2.125e+01	-2.308e+00	1.737e+00	9.039e-01	-2.892e+00	-1.195e+00
1.535e+02	5.816e+00	9.849e+00	2.125e+01	-2.308e+00	1.737e+00	9.039e-01	-1.976e+00	-5.187e-01
1.535e+02	2.174e+01	8.411e+00	2.307e+01	-1.420e+00	2.393e+00	9.181e-01	-2.892e+00	-5.187e-01
6.884e+01	5.816e+00	8.411e+00	2.307e+01	-1.420e+00	2.393e+00	9.181e-01	-2.892e+00	-5.187e-01
6.884e+01	2.174e+01	9.849e+00	2.307e+01	-1.420e+00	2.393e+00	9.181e-01	-2.892e+00	-5.187e-01
6.884e+01	2.174e+01	8.411e+00	2.125e+01	-1.420e+00	2.393e+00	9.181e-01	-2.892e+00	-5.187e-01
6.884e+01	2.174e+01	8.411e+00	2.307e+01	-2.308e+00	2.393e+00	9.181e-01	-2.892e+00	-5.187e-01
6.884e+01	2.174e+01	8.411e+00	2.307e+01	-1.420e+00	1.737e+00	9.181e-01	-2.892e+00	-5.187e-01
6.884e+01	2.174e+01	8.411e+00	2.307e+01	-1.420e+00	2.393e+00	9.039e-01	-2.892e+00	-5.187e-01
6.884e+01	2.174e+01	8.411e+00	2.307e+01	-1.420e+00	2.393e+00	9.181e-01	-1.976e+00	-5.187e-01
6.884e+01	2.174e+01	8.411e+00	2.307e+01	-1.420e+00	2.393e+00	9.181e-01	-2.892e+00	-1.195e+00
6.884e+01	2.174e+01	8.411e+00	2.307e+01	-1.420e+00	2.393e+00	9.181e-01	-2.892e+00	-5.187e-01
8.260e+01	2.250e+01	1.618e+01	1.183e+01	-2.765e+00	2.086e+00	7.586e-01	-2.636e+00	-9.881e-01
1.122e+02	2.250e+01	1.618e+01	1.183e+01	-2.765e+00	2.086e+00	7.586e-01	-2.636e+00	-9.881e-01
8.260e+01	3.440e+01	1.618e+01	1.183e+01	-2.765e+00	2.086e+00	7.586e-01	-2.636e+00	-9.881e-01
8.260e+01	2.250e+01	1.340e+01	1.183e+01	-2.765e+00	2.086e+00	7.586e-01	-2.636e+00	-9.881e-01
8.260e+01	2.250e+01	1.618e+01	8.179e+00	-2.765e+00	2.086e+00	7.586e-01	-2.636e+00	-9.881e-01
8.260e+01	2.250e+01	1.618e+01	1.183e+01	-3.371e+00	2.086e+00	7.586e-01	-2.636e+00	-9.881e-01
8.260e+01	2.250e+01	1.618e+01	1.183e+01	-2.765e+00	1.044e+00	7.586e-01	-2.636e+00	-9.881e-01
8.260e+01	2.250e+01	1.618e+01	1.183e+01	-2.765e+00	2.086e+00	7.744e-01	-2.636e+00	-9.881e-01
8.260e+01	2.250e+01	1.618e+01	1.183e+01	-2.765e+00	2.086e+00	7.586e-01	-1.331e+00	-9.881e-01
8.260e+01	2.250e+01	1.618e+01	1.183e+01	-2.765e+00	2.086e+00	7.586e-01	-2.636e+00	-1.468e+00
8.260e+01	3.440e+01	1.340e+01	8.179e+00	-3.371e+00	1.044e+00	7.744e-01	-1.331e+00	-1.468e+00
1.122e+02	2.250e+01	1.340e+01	8.179e+00	-3.371e+00	1.044e+00	7.744e-01	-1.331e+00	-1.468e+00
1.122e+02	3.440e+01	1.618e+01	8.179e+00	-3.371e+00	1.044e+00	7.744e-01	-1.331e+00	-1.468e+00
1.122e+02	3.440e+01	1.340e+01	1.183e+01	-3.371e+00	1.044e+00	7.744e-01	-1.331e+00	-1.468e+00
1.122e+02	3.440e+01	1.340e+01	8.179e+00	-2.765e+00	1.044e+00	7.744e-01	-1.331e+00	-1.468e+00
1.122e+02	3.440e+01	1.340e+01	8.179e+00	-3.371e+00	2.086e+00	7.744e-01	-1.331e+00	-1.468e+00
1.122e+02	3.440e+01	1.340e+01	8.179e+00	-3.371e+00	1.044e+00	7.586e-01	-1.331e+00	-1.468e+00
1.122e+02	3.440e+01	1.340e+01	8.179e+00	-3.371e+00	1.044e+00	7.744e-01	-2.636e+00	-1.468e+00
1.122e+02	3.440e+01	1.340e+01	8.179e+00	-3.371e+00	1.044e+00	7.744e-01	-1.331e+00	-9.881e-01
1.122e+02	3.440e+01	1.340e+01	8.179e+00	-3.371e+00	1.044e+00	7.744e-01	-1.331e+00	-1.468e+00
3.944e+01	2.239e+01	9.158e+00	1.554e+01	-3.970e+00	2.631e+00	9.710e-01	-2.399e+00	-2.298e-01
1.648e+02	2.239e+01	9.158e+00	1.554e+01	-3.970e+00	2.631e+00	9.710e-01	-2.399e+00	-2.298e-01
3.944e+01	2.667e+01	9.158e+00	1.554e+01	-3.970e+00	2.631e+00	9.710e-01	-2.399e+00	-2.298e-01
3.944e+01	2.239e+01	1.671e+01	1.554e+01	-3.970e+00	2.631e+00	9.710e-01	-2.399e+00	-2.298e-01
3.944e+01	2.239e+01	9.158e+00	1.760e+01	-3.970e+00	2.631e+00	9.710e-01	-2.399e+00	-2.298e-01
3.944e+01	2.239e+01	9.158e+00	1.554e+01	-2.020e+00	2.631e+00	9.710e-01	-2.399e+00	-2.298e-01
3.944e+01	2.239e+01	9.158e+00	1.554e+01	-3.970e+00	1.617e+00	9.710e-01	-2.399e+00	-2.298e-01
3.944e+01	2.239e+01	9.158e+00	1.554e+01	-3.970e+00	2.631e+00	9.679e-01	-2.399e+00	-2.298e-01
3.944e+01	2.239e+01	9.158e+00	1.554e+01	-3.970e+00	2.631e+00	9.710e-01	-1.677e+00	-2.298e-01
3.944e+01	2.239e+01	9.158e+00	1.554e+01	-3.970e+00	2.631e+00	9.710e-01	-2.399e+00	-3.318e-01
3.944e+01	2.667e+01	1.671e+01	1.760e+01	-2.020e+00	1.617e+00	9.679e-01	-1.677e+00	-3.318e-01
1.648e+02	2.239e+01	1.671e+01	1.760e+01	-2.020e+00	1.617e+00	9.679e-01	-1.677e+00	-3.318e-01
1.648e+02	2.667e+01	9.158e+00	1.760e+01	-2.020e+00	1.617e+00	9.679e-01	-1.677e+00	-3.318e-01
1.648e+02	2.667e+01	1.671e+01	1.554e+01	-2.020e+00	1.617e+00	9.679e-01	-1.677e+00	-3.318e-01
1.648e+02	2.667e+01	1.671e+01	1.760e+01	-3.970e+00	1.617e+00	9.679e-01	-1.677e+00	-3.318e-01
1.648e+02	2.667e+01	1.671e+01	1.760e+01	-2.020e+00	2.631e+00	9.679e-01	-1.677e+00	-3.318e-01
1.648e+02	2.667e+01	1.671e+01	1.760e+01	-2.020e+00	1.617e+00	9.710e-01	-1.677e+00	-3.318e-01
1.648e+02	2.667e+01	1.671e+01	1.760e+01	-2.020e+00	1.617e+00	9.679e-01	-2.399e+00	-3.318e-01
1.648e+02	2.667e+01	1.671e+01	1.760e+01	-2.020e+00	1.617e+00	9.679e-01	-1.677e+00	-2.298e-01
1.648e+02	2.667e+01	1.671e+01	1.760e+01	-2.020e+00	1.617e+00	9.679e-01	-1.677e+00	-3.318e-01
1.996e+02	3.929e+01	1.281e+01	7.379e+00	-1.050e+00	1.046e+00	8.664e-01	-1.239e+00	-1.954e+00
2.810e+01	3.929e+01	1.281e+01	7.379e+00	-1.050e+00	1.046e+00	8.664e-01	-1.239e+00	-1.954e+00
1.996e+02	1.198e+01	1.281e+01	7.379e+00	-1.050e+00	1.046e+00	8.664e-01	-1.239e+00	-1.954e+00
1.996e+02	3.929e+01	1.199e+01	7.379e+00	-1.050e+00	1.046e+00	8.664e-01	-1.239e+00	-1.954e+00
1.996e+02	3.929e+01	1.281e+01	1.364e+01	-1.050e+00	1.046e+00	8.664e-01	-1.239e+00	-1.954e+00
1.996e+02	3.929e+01	1.281e+01	7.379e+00	-3.233e+00	1.046e+00	8.664e-01	-1.239e+00	-1.954e+00
1.996e+02	3.929e+01	1.281e+01	7.379e+00	-1.050e+00	2.946e+00	8.664e-01	-1.239e+00	-1.954e+00
1.996e+02	3.929e+01	1.281e+01	7.379e+00	-1.050e+00	1.046e+00	8.553e-01	-1.239e+00	-1.954e+00
1.996e+02	3.929e+01	1.281e+01	7.379e+00	-1.050e+00	1.046e+00	8.664e-01	-2.117e+00	-1.954e+00
1.996e+02	3.929e+01	1.281e+01	7.379e+00	-1.050e+00	1.046e+00	8.664e-01	-1.239e+00	-1.656e+00
1.996e+02	1.198e+01	1.199e+01	1.364e+01	-3.233e+00	2.946e+00	8.553e-01	-2.117e+00	-1.656e+00
2.810e+01	3.929e+01	1.199e+01	1.364e+01	-3.233e+00	2.946e+00	8.553e-01	-2.117e+00	-1.656e+00
2.810e+01	1.198e+01	1.281e+01	1.364e+01	-3.233e+00	2.946e+00	8.553e-01	-2.117e+00	-1.656e+00
2.810e+01	1.198e+01	1.199e+01	7.379e+00	-3.233e+00	2.946e+00	8.553e-01	-2.117e+00	-1.656e+00
2.810e+01	1.198e+01	1.199e+01	1.364e+01	-1.050e+00	2.946e+00	8.553e-01	-2.117e+00	-1.656e+00
2.810e+01	1.198e+01	1.199e+01	1.364e+01	-3.233e+00	1.046e+00	8.553e-01	-2.117e+00	-1.656e+00
2.810e+01	1.198e+01	1.199e+01	1.364e+01	-3.233e+00	2.946e+00	8.664e-01	-2.117e+00	-1.656e+00
2.810e+01	1.198e+01	1.199e+01	1.364e+01	-3.233e+00	2.946e+00	8.553e-01	-1.239e+00	-1.656e+00
2.810e+01	1.198e+01	1.199e+01	1.364e+01	-3.233e+00	2.946e+00	8.553e-01	-2.117e+00	-1.954e+00
2.810e+01	1.198e+01	1.199e+01	1.364e+01	-3.233e+00	2.946e+00	8.553e-01	-2.117e+00	-1.656e+00
